1.000000000000000000e+00 0.000000000000000000e+00 0.000000000000000000e+00 0.000000000000000000e+00 0.000000000000000000e+00 1.000000000000000000e+00 0.000000000000000000e+00 0.000000000000000000e+00 0.000000000000000000e+00 0.000000000000000000e+00 1.000000000000000000e+00 0.000000000000000000e+00
9.999973543220785910e-01 2.089007961929302635e-03 -9.630132803983508906e-04 -1.585586918078767116e-02 -2.089632651549567458e-03 9.999976066765595695e-01 -6.481331147991631868e-04 -1.589124848524375161e-02 9.616570203588879545e-04 6.501437440422875788e-04 9.999993262642167258e-01 -6.561027970042578039e-03
9.999903602629375277e-01 2.907278456858619197e-03 -3.290457897418658153e-03 6.844896566726876852e-03 -2.915022763877658362e-03 9.999929871753916455e-01 -2.351221453415174023e-03 -2.218191075736301865e-02 3.283599166535724773e-03 2.360790547933143933e-03 9.999918222888136699e-01 -2.439597424994959310e-02
9.999928722006559134e-01 3.589609348702059530e-03 -1.170577894210294905e-03 -1.148698355208352395e-03 -3.590563438429686827e-03 9.999932226237662203e-01 -8.139783347240748786e-04 -1.828100171706535659e-02 1.167648096523528399e-03 8.181755670386199218e-04 9.999989835928155824e-01 -9.231815189915351660e-03
9.999902849411849148e-01 4.087297564496731629e-03 -1.650461107427085442e-03 5.052067472759233166e-03 -4.089334830904158870e-03 9.999908786325231169e-01 -1.232879716430435252e-03 -2.649486978654665148e-02 1.645406906702534750e-03 1.239617027025132498e-03 9.999978779906173454e-01 -1.229936404869667183e-02
9.999888097840946566e-01 4.504856534198829060e-03 -1.444497904516073902e-03 -5.376843123190677351e-03 -4.506454050231699024e-03 9.999892358177173701e-01 -1.104590689251585840e-03 -1.148954031241345916e-02 1.439506333093232802e-03 1.111087892075643575e-03 9.999983466512397667e-01 -9.957730319807088504e-03
9.999882106628226186e-01 4.605096562171564871e-03 -1.540006824432200473e-03 -6.033288296018369037e-03 -4.606767332242586201e-03 9.999888022002975108e-01 -1.083129152478113852e-03 -1.292004487918677405e-02 1.535001665407775134e-03 1.090210836233553634e-03 9.999982276035391804e-01 -1.088034992151241248e-02
9.999913583023133379e-01 6.465829190822220416e-04 -4.106732426523801611e-03 -7.631748052325229570e-02 -6.572082632597884807e-04 9.999964391017870380e-01 -2.586476569497459920e-03 -6.373656353367548877e-02 4.105045431297200086e-03 2.589153196434581129e-03 9.999882223745099052e-01 -2.761367140216925559e-02
9.998164364284742867e-01 -1.850637492013471400e-02 -4.960598228253672998e-03 -1.323129901795461194e-01 1.849388206328219861e-02 9.998257151660370212e-01 -2.552571047397643542e-03 -1.314020643279361078e-01 5.006972508028525656e-03 2.460361769742960229e-03 9.999844383020497496e-01 -2.946711943590218236e-02
9.982289604834951868e-01 -5.932800191296278697e-02 -4.373858829010047675e-03 -2.444720466767348888e-01 5.932117995389624837e-02 9.982375455491391270e-01 -1.673399207550649087e-03 -2.310162329873391984e-01 4.465429533436137202e-03 1.410973084738546086e-03 9.999890344868967995e-01 5.983380664641053948e-04
9.949098942541145796e-01 -1.006443063301816487e-01 -5.002591186895517968e-03 -1.517890612481710977e-01 1.006302403571180670e-01 9.949194047883689329e-01 -2.988762490789231580e-03 -2.031147824577191618e-01 5.277976973736776302e-03 2.470137420116081967e-03 9.999830205459443455e-01 6.609360051750615833e-03
9.907609679456784724e-01 -1.353363800442942133e-01 -8.761771045211202633e-03 -1.931175159843964151e-01 1.353052487412768068e-01 9.907956589060978869e-01 -4.056101070318067665e-03 -1.774086006920185254e-01 9.230062751875036872e-03 2.833113011827412264e-03 9.999533886198189725e-01 -5.336824491809354087e-02
9.858178588467686465e-01 -1.677252006321895417e-01 -5.604128091351792337e-03 -2.459262240850241255e-01 1.677095180678641606e-01 9.858313803608839132e-01 -3.163391407789703253e-03 -2.258164035338832698e-01 6.055305790566215332e-03 2.178662122930322218e-03 9.999792931371813687e-01 -1.276313877433031541e-02
9.767397075770201109e-01 -2.141522883192654714e-01 -1.087846726241052490e-02 -2.672003055612161004e-01 2.140998373803031374e-01 9.767946206374962248e-01 -5.790399587032455525e-03 -2.068236695276026715e-01 1.186605562454963979e-02 3.326635127563135064e-03 9.999240622280489710e-01 -7.000296064205696611e-02
9.672138514064554382e-01 -2.514683482358704425e-01 -3.551106141773453101e-02 -1.651648646498944661e-01 2.512754039013015972e-01 9.678653227685126703e-01 -9.868554931727360063e-03 -1.552390185304577397e-01 3.685155412908453637e-02 6.219467226270180768e-04 9.993205572490467814e-01 1.949418674001621166e-02
9.564005200492566861e-01 -2.919386361840174970e-01 -8.359303351796071660e-03 -1.629302539234068203e-01 2.919046256518832427e-01 9.564340375398207028e-01 -5.061754469633314782e-03 -2.359818204332119196e-01 9.472843952341577015e-03 2.400945291502388015e-03 9.999522492045116451e-01 -3.762111354290116616e-02
9.418745783811578454e-01 -3.323195923688696540e-01 -4.935551769665123822e-02 -1.750116671112902644e-01 3.320742990492510094e-01 9.431590438842302193e-01 -1.332958552743554459e-02 -1.731962452635445182e-01 5.097978531010814718e-02 -3.834901194679424426e-03 9.986923225010605476e-01 -2.231682976646960914e-01
9.272572239666724281e-01 -3.741534579550761519e-01 -1.425589358403349209e-02 -2.235971008682741124e-01 3.742322658393592016e-01 9.273293711834018627e-01 3.232420971312410015e-03 -2.130288047250807892e-01 1.201048734895622701e-02 -8.332301054068435783e-03 9.998931547684407617e-01 2.139986466453884795e-01
9.139968527999215997e-01 -4.040558054519455822e-01 -3.672409498432830516e-02 2.461959112142808603e-03 4.040160336218217574e-01 9.147092990796000800e-01 -8.828519343454552942e-03 -1.581850894893560011e-01 3.715908567671521306e-02 -6.767884299118667388e-03 9.992864444661422318e-01 -9.314561283980571371e-02
9.034708570888196899e-01 -4.261761622704823838e-01 -4.598139953934655272e-02 -7.617405249842171266e-02 4.270991269564420323e-01 9.041241067735537040e-01 1.208036853613071032e-02 -2.383159869485030058e-01 3.642452668516831665e-02 -3.055287651477708172e-02 9.988692484967360841e-01 -6.295625048892139475e-03
8.915871615894639390e-01 -4.511521921029591486e-01 3.916673141248461915e-02 2.224250932479493459e-02 4.489921551167271319e-01 8.919450165524185348e-01 5.329288968467273818e-02 -1.698079963070907028e-01 -5.897777490275400020e-02 -2.992970110108831433e-02 9.978105206197815935e-01 2.976741503876475514e-01
8.852062182360769249e-01 -4.650986224463284913e-01 -9.655184861535222318e-03 8.209441982033549579e-02 4.650778955902654666e-01 8.852586884578255155e-01 -4.427814727450910676e-03 -9.393051701315985325e-02 1.060670681752550609e-02 -5.708839270009645993e-04 9.999435843396511370e-01 -6.031005459084304299e-03
8.833399962290831020e-01 -4.685414586370972301e-01 -1.339225896646618549e-02 -3.608336814661311509e-02 4.687077606211075831e-01 8.832275859530027695e-01 1.490189736838123946e-02 -2.131489475904143338e-01 4.846255827967716791e-03 -1.944049767502237930e-02 9.997992702810886145e-01 2.151012499648369269e-02
8.834589580183573876e-01 -4.684038046093207952e-01 -9.906832219807768306e-03 8.702534097694808457e-03 4.685035123876561403e-01 8.833500538361912513e-01 1.404070041085698356e-02 -2.364091642468066357e-01 2.174483282888241970e-03 -1.704576824643877150e-02 9.998523458027895883e-01 -4.739801858146851926e-02
8.841665289702678177e-01 -4.671105617835017432e-01 -7.567834496744594089e-03 3.919881115479476041e-02 4.671718554059036688e-01 8.840533080520069920e-01 1.414941832404217892e-02 -2.990469162058991270e-01 8.102637938403991005e-05 -1.604592136976564984e-02 9.998712526331183792e-01 -3.332221448016302323e-02
8.837199484173198227e-01 -4.679174924647727107e-01 -9.605884382449952213e-03 2.798851089112382173e-02 4.680116584629351872e-01 8.836146736365063648e-01 1.379115937922812708e-02 -3.198560128079434572e-01 2.034775678678071593e-03 -1.668318853606012842e-02 9.998587554790965282e-01 8.560514119672665845e-03
8.839412831355123457e-01 -4.674600173368136935e-01 -1.135518208615921010e-02 6.492149771242111678e-02 4.675812534432381429e-01 8.838541103068725535e-01 1.302624742959452957e-02 -3.641821972932275941e-01 3.947074510862902397e-03 -1.682390814027898487e-02 9.998506772101988238e-01 -1.141733844048742341e-02
8.832380330788164313e-01 -4.687731748113534436e-01 -1.192843243464029000e-02 9.102367706122853341e-02 4.689014966624446834e-01 8.831623550499034803e-01 1.247561823829423933e-02 -3.779701559241019360e-01 4.686507311730958233e-03 -1.661220033567289284e-02 9.998510246277815261e-01 -3.389956836116865546e-02
8.827624237381787031e-01 -4.696769339865738968e-01 -1.157933145167474795e-02 8.321362792910139139e-02 4.698053071352923937e-01 8.826599092666217450e-01 1.394481842666448444e-02 -4.118061962549258159e-01 3.671052084868117044e-03 -1.774999308198656200e-02 9.998357170666487548e-01 -5.579483889906269867e-04
8.836067154446474170e-01 -4.681664124392699855e-01 -7.706016147488745603e-03 9.151022010114814864e-02 4.682298284140044564e-01 8.834865382934835587e-01 1.457272924297623937e-02 -3.984354313578116757e-01 -1.430083895450576931e-05 -1.648474803994460017e-02 9.998641172067059824e-01 -1.165639794959943965e-02
8.833187556519030981e-01 -4.686480428312728153e-01 -1.081609282463081786e-02 1.066719971661562738e-01 4.687626354528976469e-01 8.832166182927508880e-01 1.378393176024272394e-02 -4.455301057647295115e-01 3.093140285753347065e-03 -1.724578562822546776e-02 9.998464958988644291e-01 -1.872020367817483003e-02
8.825794217560060106e-01 -4.700659416896482701e-01 -9.569470009272039793e-03 1.262100595525531832e-01 4.701605264167201814e-01 8.824617029486900854e-01 1.450593769635501185e-02 -4.492060809202741978e-01 1.625943537370135722e-03 -1.730182916116601577e-02 9.998489901056514251e-01 -1.289543557475971401e-02
8.824156186217119169e-01 -4.703956739019344857e-01 -8.401546691314414755e-03 1.644216429222646048e-01 4.704704408461981568e-01 8.822930345555630716e-01 1.471616338316374464e-02 -4.975860755492885756e-01 4.902065333657638566e-04 -1.693845179114522939e-02 9.998564139657621919e-01 -1.926979882623761076e-02
8.824171551816124559e-01 -4.703671186226924816e-01 -9.733342682554836298e-03 1.668348663205954652e-01 4.704649777115555431e-01 8.822948112234989537e-01 1.478414133305972107e-02 -5.213469056589296047e-01 1.633703784536394421e-03 -1.762497678512854257e-02 9.998433333304113102e-01 -1.561270089103539149e-02
8.823944087594416397e-01 -4.704310364037668224e-01 -8.645656606250072540e-03 1.872918805367723150e-01 4.705103810232273975e-01 8.822568860404720326e-01 1.558102639580842899e-02 -5.744714315292034357e-01 2.978916795908182966e-04 -1.781648175839733658e-02 9.998412295151165585e-01 -9.098620683269583245e-03
8.822721367801169556e-01 -4.706480809660893438e-01 -9.287655483711323295e-03 2.209596172411978643e-01 4.707386595077672764e-01 8.821401523427861990e-01 1.529268025809610299e-02 -6.125203237704364145e-01 9.955432070074925199e-04 -1.786436418077778920e-02 9.998399238808878264e-01 -7.933692718916123682e-03
8.821789817168328440e-01 -4.708295708957786485e-01 -8.930811113712654181e-03 2.190698326544457397e-01 4.709139056444329730e-01 8.820430541077761699e-01 1.549658578308821082e-02 -6.218383766981144811e-01 5.811090757977342008e-04 -1.787640540834344038e-02 9.998400354266269163e-01 -1.005423991511448199e-02
8.819509933553487668e-01 -4.711908288810843226e-01 -1.190160064319697487e-02 2.591475673930159762e-01 4.713246525568375311e-01 8.818500253865255711e-01 1.391418765004094095e-02 -6.436599217983963728e-01 3.939189217313803296e-03 -1.788114940771138445e-02 9.998323595904311523e-01 -1.852459953780264193e-02
8.819949509532368781e-01 -4.710933170662797154e-01 -1.248972011243348890e-02 2.446115542797675513e-01 4.712389480139942965e-01 8.818914852542880656e-01 1.418668779701445781e-02 -6.509507686459271580e-01 4.331324007885071180e-03 -1.839822957448903479e-02 9.998213564336696502e-01 -1.306681187957527655e-02
8.818844222346085004e-01 -4.713246410672966014e-01 -1.153033142259191762e-02 2.833186599235440473e-01 4.714566716669530977e-01 8.817548373082915170e-01 1.539524680371049878e-02 -7.161028514568437142e-01 2.910766333736922173e-03 -1.901288000836150530e-02 9.998150018044028586e-01 -7.084253885723900898e-03
8.814339851781204382e-01 -4.721719930476335203e-01 -1.130215707033433575e-02 2.992903457285499558e-01 4.723006699244869933e-01 8.812955490867482311e-01 1.581873410762337298e-02 -7.359588881600418464e-01 2.491377510077866578e-03 -1.928118620086621479e-02 9.998109965872499227e-01 -1.573896366271387978e-03
8.812001452093968235e-01 -4.725863199716153762e-01 -1.218500137973150231e-02 2.923317240336613665e-01 4.727311181874331858e-01 8.810701799030922210e-01 1.551218820127808415e-02 -7.578354321839098073e-01 3.404993421010343163e-03 -1.942957182283762754e-02 9.998054299505400033e-01 -1.570212322843742708e-03
8.808847948861618926e-01 -4.731817396796508257e-01 -1.187515777173481224e-02 3.057617146646910977e-01 4.733215625708658836e-01 8.807465993312010299e-01 1.587848141349329500e-02 -7.732830871643514570e-01 2.945597365269161591e-03 -1.960788107532186048e-02 9.998034079037226851e-01 2.610286291298352917e-03
8.810535735937059520e-01 -4.729045126973496216e-01 -1.029185737573337991e-02 3.217140666117361270e-01 4.730154502067802080e-01 8.808886990132356321e-01 1.707289713101296444e-02 -8.111175983869869377e-01 9.921307560658869026e-04 -1.991034457892320100e-02 9.998012771822765155e-01 9.910487457574005538e-03
8.809586987130132441e-01 -4.730750989367163983e-01 -1.056985940731491533e-02 3.416486385716396845e-01 4.731913471149826744e-01 8.807974213421371212e-01 1.690714560621354307e-02 -8.514751014582140343e-01 1.311555329514966367e-03 -1.989606300396463967e-02 9.998011934877653051e-01 3.205647495755976906e-03
8.804612373679057136e-01 -4.739589207264528481e-01 -1.228621000929249266e-02 3.857367618471521653e-01 4.741068656384282987e-01 8.803233328993205209e-01 1.592198189728487312e-02 -8.847594466939774360e-01 3.269471988218097987e-03 -1.984366440071397980e-02 9.997977493153653583e-01 -6.535170539908290686e-03
8.802293720718887826e-01 -4.743807979511761586e-01 -1.261392393879515184e-02 3.780440237688502680e-01 4.745358499304418443e-01 8.800888224727299036e-01 1.610564153819618941e-02 -9.119637222973479007e-01 3.461166381649686576e-03 -2.016241785523546423e-02 9.997907267191016301e-01 2.116121638372561731e-04
8.800205030724556066e-01 -4.747910287782088345e-01 -1.172148300481577407e-02 3.665779772713603224e-01 4.749297694738278675e-01 8.798647538189939832e-01 1.672510252817328499e-02 -9.268290521141584470e-01 2.372391122653336876e-03 -2.028531436214999970e-02 9.997914171373896153e-01 1.608141487176701322e-03
8.803547257461721287e-01 -4.741365410222854737e-01 -1.304213647392886075e-02 4.204396885365637715e-01 4.742998213699090582e-01 8.802183415677924394e-01 1.597969386807674905e-02 -9.875133102249192829e-01 3.903370960377543740e-03 -2.025368201260492954e-02 9.997872533994809352e-01 -9.749719427011650438e-03
8.802725288866041220e-01 -4.743620215260694883e-01 -1.004725939166765947e-02 4.133738894830871202e-01 4.744683787698577571e-01 8.800831172935261737e-01 1.826100222913198956e-02 -1.029487750880590413e+00 1.800974331724212660e-04 -2.084176548688671665e-02 9.997827705938446829e-01 1.253274702485591974e-02
8.802747667813273225e-01 -4.743150440834445480e-01 -1.189848411352421864e-02 4.484380727261807476e-01 4.744580253091073563e-01 8.801149295769095104e-01 1.694971845235293539e-02 -1.048782244349661275e+00 2.432527052716589207e-03 -2.056574073432862471e-02 9.997855435643117072e-01 8.064642007022462811e-04
8.801904005874204850e-01 -4.745236491534055578e-01 -9.600266032356929297e-03 4.487599705186061660e-01 4.746205844138484120e-01 8.799929856137771456e-01 1.864527074642864657e-02 -1.079533699690611526e+00 -3.994551455482548211e-04 -2.096787220216560221e-02 9.997800702008918794e-01 1.173746025729839604e-02
8.801261172858464432e-01 -4.746187020679091262e-01 -1.072871468134508829e-02 4.699016082257541638e-01 4.747391113688943509e-01 8.799422020154262780e-01 1.801380717436631279e-02 -1.117102464958622532e+00 8.909590410987010267e-04 -2.094776263986312947e-02 9.997801745545722429e-01 1.338371009195258102e-02
8.804432644415025599e-01 -4.740018299298890403e-01 -1.191315754562753682e-02 4.789935362661107976e-01 4.741457962834353390e-01 8.802780930217930511e-01 1.721170568719013194e-02 -1.166524887049684711e+00 2.328511614190391377e-03 -2.080250391255764053e-02 9.997808929283609203e-01 1.520682343878403467e-02
8.803987611024598481e-01 -4.740919804145997118e-01 -1.161101011181602319e-02 5.028984238265100659e-01 4.742304285928582996e-01 8.802248420598051126e-01 1.759909138066705764e-02 -1.177778083619720695e+00 1.876711455670104604e-03 -2.100051254979078130e-02 9.997777035055134265e-01 8.319634921388180393e-03
8.803621936412813209e-01 -4.741623519193237102e-01 -1.150964940589328800e-02 5.175819000358260480e-01 4.742984933384949975e-01 8.801900055865736761e-01 1.750694954413660812e-02 -1.213319959475098742e+00 1.829542004091970660e-03 -2.087146587671282263e-02 9.997804932525001798e-01 1.706698979462430632e-03
8.803937665746180974e-01 -4.740835290368105581e-01 -1.231354021232333729e-02 5.468379105434554299e-01 4.742366755767831177e-01 8.802228605421783536e-01 1.752972666146765390e-02 -1.240052991831441132e+00 2.528104910373139488e-03 -2.127259445738626659e-02 9.997705163739395440e-01 1.205755297867123522e-03
8.804655293041513398e-01 -4.739424282406273226e-01 -1.261056781189730421e-02 5.927784701707595749e-01 4.741049699179061272e-01 8.802689262682262816e-01 1.873752773781278344e-02 -1.257253058343497987e+00 2.220181592126396417e-03 -2.247648015063183694e-02 9.997449067805928014e-01 2.918988960539050173e-02
8.806609825536778624e-01 -4.735834850544946018e-01 -1.244654535323040136e-02 6.109347391194566157e-01 4.737434893103255606e-01 8.804517956805604229e-01 1.928060732845738104e-02 -1.323772715890795704e+00 1.827605993693168923e-03 -2.287614841960950926e-02 9.997366361646530253e-01 3.091410690809540118e-02
8.807750160090120906e-01 -4.733512537488766547e-01 -1.318945596645634474e-02 6.090325915351432196e-01 4.735298553854230263e-01 8.805532810853217152e-01 1.988454748126787866e-02 -1.337256036140321180e+00 2.201643246506293332e-03 -2.375941380255415167e-02 9.997152809789265904e-01 3.512848173526608719e-02
8.806385008443268214e-01 -4.735555995500322357e-01 -1.486354484858793193e-02 6.305160524828715696e-01 4.737770308719416734e-01 8.804043266519187005e-01 2.058024855896646924e-02 -1.361232041486174715e+00 3.340037248851597008e-03 -2.516576538456778353e-02 9.996777122672012572e-01 5.746223091019359019e-02
8.802443658405535443e-01 -4.741979801665900385e-01 -1.749662858632942963e-02 6.718949050824146729e-01 4.745046228873997518e-01 8.799191998479265475e-01 2.423973179454070453e-02 -1.423068969692250940e+00 3.901187568968274809e-03 -2.963911849078772892e-02 9.995530518139799092e-01 1.826671390200770295e-01
8.793785897916943650e-01 -4.755799184544081126e-01 -2.273844715167260694e-02 6.604526126861817170e-01 4.760976776448836989e-01 8.788225344982051324e-01 3.165366012484945035e-02 -1.467393747794258241e+00 4.929214655426965644e-03 -3.866127288449794364e-02 9.992402157748812019e-01 1.976743203996039755e-02
8.797916070608660100e-01 -4.747965309443595849e-01 -2.312968543799316656e-02 6.718227013500971401e-01 4.753338283624168881e-01 8.792083653328535142e-01 3.240990501467197471e-02 -1.482431269594993051e+00 4.947702455398621593e-03 -3.950828434560801905e-02 9.992069934245253471e-01 2.020464476082828309e-02
8.799844279085365928e-01 -4.745146705200362081e-01 -2.152287387285942155e-02 7.012503451440506019e-01 4.749968008129116792e-01 8.792926180747677734e-01 3.496471102010734189e-02 -1.517767763513834467e+00 2.333635786625062533e-03 -4.099169745792449748e-02 9.991567619165340197e-01 3.878728617691033775e-02
8.798745501352371878e-01 -4.745019852750810840e-01 -2.585811273702242480e-02 7.545165177290948932e-01 4.751664590103450991e-01 8.792000460782511961e-01 3.498735782494878654e-02 -1.534636917236465115e+00 6.132883162418887799e-03 -4.307139359258863043e-02 9.990531731585203801e-01 5.749903863222656508e-02
8.799087327411870829e-01 -4.742661758075498168e-01 -2.884816338487651913e-02 7.712881217668531297e-01 4.750531232646865165e-01 8.792989364647403328e-01 3.402808264423974605e-02 -1.574271860303269488e+00 9.227790757536141059e-03 -4.364601719354094245e-02 9.990044409615386201e-01 1.768620775186790367e-02
8.788016812662701183e-01 -4.762711243747325685e-01 -2.955369842177136414e-02 7.990644819546545152e-01 4.771633973968597009e-01 8.776892612108940783e-01 4.445956522236307884e-02 -1.655839353257603674e+00 4.764156616187460724e-03 -5.317308381035469600e-02 9.985739461701539366e-01 -4.855918482945799364e-02
8.780716079096455573e-01 -4.774817347781417087e-01 -3.164560532247710778e-02 7.912870209379443409e-01 4.785008838129426456e-01 8.768176691361438957e-01 4.719829743637470043e-02 -1.682278520095143559e+00 5.211100958761819696e-03 -5.658593503615609588e-02 9.983841326778393199e-01 1.981517826141063199e-02
8.778813677007579752e-01 -4.777245499251658867e-01 -3.321985314001670020e-02 8.266612638736183793e-01 4.788255833264631889e-01 8.766984119801177755e-01 4.610808154338909975e-02 -1.725856337345230695e+00 7.096829990836961768e-03 -5.638394124515643674e-02 9.983839372574780935e-01 4.626087513426024866e-04
8.779730265807843548e-01 -4.774137940951471148e-01 -3.520559336602525902e-02 8.482163194770853121e-01 4.786205700905758476e-01 8.768540838038428875e-01 4.526881490270667774e-02 -1.742147895769204480e+00 9.258211638844597580e-03 -5.659491959707869946e-02 9.983542961259046500e-01 1.160709128654298372e-02
8.772818959974734154e-01 -4.785864610947513920e-01 -3.648937121793408705e-02 8.556364578897224238e-01 4.798604347422613103e-01 8.761978939465006055e-01 4.484655853780628032e-02 -1.788307268886780044e+00 1.050895446969858822e-02 -5.685287943911797315e-02 9.983272569530668994e-01 7.364097992586417576e-03
8.771034668090477160e-01 -4.792654376575913311e-01 -3.153012493516808845e-02 8.595008832432742274e-01 4.802783335951451571e-01 8.758137598224168263e-01 4.778054399849875761e-02 -1.835907949397589389e+00 4.714953936181804847e-03 -5.705171664901475398e-02 9.983600907672443014e-01 7.080975519737756074e-03
8.771492459411643905e-01 -4.792148509989913041e-01 -3.102139466338063589e-02 8.904738252733583881e-01 4.802023836534835555e-01 8.758076948072047729e-01 4.864722448406241795e-02 -1.865294867655395095e+00 3.856303717195466371e-03 -5.756742393493673171e-02 9.983341728214736310e-01 2.803426857214500259e-02
8.772733520677916674e-01 -4.787924633298433763e-01 -3.390048392399466759e-02 9.318177013671569142e-01 4.799326023170191746e-01 8.760786529276931578e-01 4.637770065033892941e-02 -1.920809470470727476e+00 7.494196751780301050e-03 -5.695586838016847286e-02 9.983485694245805009e-01 6.302310339548894413e-05
8.770925039459456229e-01 -4.793693105645517871e-01 -3.022918475079435646e-02 9.519085147699825056e-01 4.803135601546871802e-01 8.757010750881495387e-01 4.946221811634546328e-02 -1.989440020167652756e+00 2.761060187882908093e-03 -5.790242808661376361e-02 9.983184288433792908e-01 2.388816293139623542e-02
8.771653614366982099e-01 -4.792930723975276641e-01 -2.931005710272464870e-02 9.827837856665184724e-01 4.801855474747961927e-01 8.757360547395285355e-01 5.008195708611783842e-02 -2.036828364875543862e+00 1.663938687843830727e-03 -5.800442380529113179e-02 9.983149393488305323e-01 2.952947706578145856e-02
8.769124024213528212e-01 -4.796374678824532611e-01 -3.118553964452337388e-02 1.034741038062941598e+00 4.806342651324745918e-01 8.755643700256031670e-01 4.876204591928917642e-02 -2.089045086856040179e+00 3.916843139269810675e-03 -5.774888176386933081e-02 9.983234570993736456e-01 8.326549317982101517e-03
8.770440002971227056e-01 -4.797041654796960208e-01 -2.603334715800467714e-02 1.071427803733698392e+00 4.804048301902874019e-01 8.754930433127957601e-01 5.218362042576470822e-02 -2.142945768771327142e+00 -2.240685757070634554e-03 -5.827387692892534860e-02 9.982981190982033182e-01 2.214596679554846348e-02
8.763719640783885767e-01 -4.809843103385842422e-01 -2.502546274305726681e-02 1.044021806392525731e+00 4.816235906017229951e-01 8.748114696793698464e-01 5.237947587867718829e-02 -2.105980849334203597e+00 -3.301144239741810385e-03 -5.795675737597378446e-02 9.983136364495733828e-01 2.892184080138907390e-02
8.761127409002175126e-01 -4.815496311892881742e-01 -2.316069804148566946e-02 1.064995829053847709e+00 4.820749568521125461e-01 8.744966896487994523e-01 5.347219622687242324e-02 -2.183668243928729602e+00 -5.495562604697008455e-03 -5.801286490729347378e-02 9.983007093541034216e-01 4.211679517140318879e-02
8.766191460792027712e-01 -4.801953609259011491e-01 -3.084295823381461715e-02 1.086404581129049252e+00 4.811708060551537769e-01 8.752808698694404255e-01 4.855980066710881282e-02 -2.189629292310124598e+00 3.678060304407948858e-03 -5.740918206906725496e-02 9.983439576050719966e-01 2.440847439438109320e-02
8.763725044990113844e-01 -4.812574916478849496e-01 -1.903838467192392817e-02 1.118730397981901881e+00 4.815456350675226260e-01 8.747702217191345442e-01 5.376672336001677571e-02 -2.275571777002387996e+00 -9.221426437734350084e-03 -5.628752904722480327e-02 9.983720145157372050e-01 2.279803442721328038e-02
8.760187020844754091e-01 -4.811200091473725182e-01 -3.338817749239010590e-02 1.153797912347640953e+00 4.822036928563934177e-01 8.749919295937116370e-01 4.322871431733908004e-02 -2.285206132298535753e+00 8.416186421896424893e-03 -5.396906469363118436e-02 9.985071396150387857e-01 -4.688412428504728363e-02
8.755517490952235971e-01 -4.817285758685618258e-01 -3.669760002972893148e-02 1.154358388265803503e+00 4.829595075162856355e-01 8.747084382930072621e-01 4.043837383767014126e-02 -2.303611578893072220e+00 1.261938017184426920e-02 -5.312934378152613102e-02 9.985078988537962053e-01 -3.820309257081343224e-02
8.752804658035375773e-01 -4.820744202022742009e-01 -3.857926346346448460e-02 1.176009529935954534e+00 4.833875971206986755e-01 8.745291724998195404e-01 3.918108467944753787e-02 -2.307703463058160764e+00 1.485049267261523941e-02 -5.294317551320514709e-02 9.984870970793556788e-01 -3.596095388629344525e-02
8.751463008377469155e-01 -4.833538100349456523e-01 -2.209177346229419109e-02 1.185292086383653798e+00 4.838390836240695214e-01 8.737907755658507192e-01 4.888171124101130249e-02 -2.397605320917707505e+00 -4.323573502127727244e-03 -5.346751219881691608e-02 9.985602294561110037e-01 -5.585753281842849999e-03
8.747450067704618526e-01 -4.843449331361113219e-01 -1.520390987609499499e-02 1.189266035630254681e+00 4.844249184314401435e-01 8.732255897971779035e-01 5.300535563566654423e-02 -2.487716749511823533e+00 -1.239643226243652453e-02 -5.373132297595815260e-02 9.984784791864149689e-01 2.264798580321487551e-02
8.746280494244209613e-01 -4.840174657486385201e-01 -2.743844037656262974e-02 1.237641296728293483e+00 4.847884437098224919e-01 8.734995603638119333e-01 4.448238853339249455e-02 -2.486318511389217001e+00 2.437212637617197988e-03 -5.220738352467886589e-02 9.986332906027447498e-01 -4.185527131093572800e-02
8.746379765150913421e-01 -4.844571027869481461e-01 -1.759902261101322155e-02 1.229316705269618559e+00 4.846863965978969735e-01 8.731981527071062121e-01 5.103021714478069709e-02 -2.521411296578620842e+00 -9.354517119161961242e-03 -5.316297271761361715e-02 9.985420328365218756e-01 1.251344956886725479e-02
8.742254880091374636e-01 -4.850372159941478967e-01 -2.164936987147274977e-02 1.280058110929972903e+00 4.854966734627991776e-01 8.728754636209007378e-01 4.879964205968915364e-02 -2.554405942182267797e+00 -4.772438762480409047e-03 -5.317258794946875394e-02 9.985739330260000601e-01 4.836275512972616764e-03
8.738281957736574457e-01 -4.859126953318886888e-01 -1.769567139878520934e-02 1.272052826121691460e+00 4.861394054678490062e-01 8.723571171410658964e-01 5.159010200314584349e-02 -2.603629423907882767e+00 -9.631340629475787854e-03 -5.368344892634774324e-02 9.985115545596111586e-01 7.572381348901402118e-03
8.733037350595526105e-01 -4.868425414551582620e-01 -1.802570832220407038e-02 1.281125948709246787e+00 4.870880614650739959e-01 8.718444432368870345e-01 5.130776915008894434e-02 -2.635532724851560538e+00 -9.263191093301348031e-03 -5.358737375954319981e-02 9.985201984258125218e-01 1.156641749267831205e-02
8.734828843551367683e-01 -4.863916391809581796e-01 -2.123261814971241085e-02 1.319428290484853106e+00 4.868179428439433076e-01 8.720486141125927126e-01 5.039350304848502077e-02 -2.635826772109194582e+00 -5.995103320384646654e-03 -5.435428188438403557e-02 9.985037159555345543e-01 1.557079682722819873e-02
8.735437714079523630e-01 -4.860248655491526959e-01 -2.647847243137537582e-02 1.326901263793347052e+00 4.867444190270838744e-01 8.721283303936526732e-01 4.971967287469136049e-02 -2.687863880995981170e+00 -1.072371371119949790e-03 -5.632055923646202972e-02 9.984121616982309932e-01 3.764935515493373491e-02
8.738324619558766049e-01 -4.855154198017969658e-01 -2.629839475740532867e-02 1.422275702304518052e+00 4.862245528401678007e-01 8.723724233919372129e-01 5.051771096019328638e-02 -2.744099119861212355e+00 -1.585133278428584730e-03 -5.693094097205469301e-02 9.983768603651258511e-01 4.222625862155859888e-02
8.737723033567061925e-01 -4.854454281405375937e-01 -2.940575086894301263e-02 1.427719078642154971e+00 4.863307819960936973e-01 8.724244212408476251e-01 4.855923913777930589e-02 -2.746670664360610914e+00 2.081434549572134390e-03 -5.673064004594191578e-02 9.983873507362729383e-01 1.498125687528012451e-02
8.738365697727780157e-01 -4.854148969447768525e-01 -2.796474837785068585e-02 1.410688428422035123e+00 4.862192383109857352e-01 8.724729297879012524e-01 4.880408880002536781e-02 -2.755340524762251775e+00 7.082542126567968610e-04 -5.624379620373715777e-02 9.984168136427604701e-01 2.675739857734596439e-02
8.744082460983010341e-01 -4.845625212963992623e-01 -2.468566608721939337e-02 1.474982178813347922e+00 4.851746676357711618e-01 8.728302282724487160e-01 5.265866024106718307e-02 -2.826429898138441921e+00 -3.970017608536822659e-03 -5.802202658251218864e-02 9.983074092640232822e-01 3.861135509657150078e-02
8.747876982409890090e-01 -4.838531669328366425e-01 -2.515145831352413527e-02 1.510613904780543582e+00 4.844934301744698857e-01 8.732044611611264884e-01 5.272651255376881174e-02 -2.793511027409452119e+00 -3.549524476387629079e-03 -5.831022086539552896e-02 9.982922012209753948e-01 5.166639353159938747e-02
8.748426304588401425e-01 -4.836287110127239219e-01 -2.745253751529105890e-02 1.516554836171368548e+00 4.844064846530142243e-01 8.733353194685696819e-01 5.133982269973718510e-02 -2.814245964611368667e+00 -8.541416547560593681e-04 -5.821245273051568053e-02 9.983038519354371365e-01 5.086540948664832612e-02
8.745526392254023840e-01 -4.842283663047555753e-01 -2.608774596838091264e-02 1.537502682220430295e+00 4.849250004210232112e-01 8.730177305952065980e-01 5.184386205777873763e-02 -2.842766395564499948e+00 -2.329203845507136703e-03 -5.799078661496875203e-02 9.983144011168141319e-01 4.389269761506987139e-02
8.735671058832112923e-01 -4.861502825023176766e-01 -2.320375706102496133e-02 1.548154954745883494e+00 4.866650892335909195e-01 8.719038294332560612e-01 5.422917241563336710e-02 -2.935523300965856119e+00 -6.132082850980428990e-03 -5.866527970222479293e-02 9.982588755014244475e-01 6.144439913056205793e-02
8.738279620493019095e-01 -4.854905597307288545e-01 -2.689998425849935565e-02 1.573547212276895646e+00 4.862326060626031010e-01 8.723034766757884473e-01 5.161876965699326025e-02 -2.905453928153639342e+00 -1.595475582172245152e-03 -5.818557374191590803e-02 9.983045093887890076e-01 3.087109445011368414e-02
8.740299651531433511e-01 -4.851483738838469062e-01 -2.650802392209044081e-02 1.562476786783632887e+00 4.858651575920354126e-01 8.724259091701931368e-01 5.299133558072018080e-02 -2.936882912798437495e+00 -2.582373416384647902e-03 -5.919534041139530578e-02 9.982430781233183614e-01 4.580873990868092327e-02
8.738617441968031807e-01 -4.855365257602426987e-01 -2.489847750353866088e-02 1.590844394175777943e+00 4.861535539383896043e-01 8.722019323695627824e-01 5.402324651364375646e-02 -2.969224029534238252e+00 -4.513759230877219253e-03 -5.931333175158696319e-02 9.982292094775286895e-01 3.670011586268606685e-02
8.730728301082173459e-01 -4.866464697911391246e-01 -3.031578411734950351e-02 1.656709070437841991e+00 4.875861793983893300e-01 8.716174579694417890e-01 5.042543626554153724e-02 -2.975671977402255308e+00 1.884406142410685603e-03 -5.880663570304270338e-02 9.982676137242858516e-01 1.716953551714847648e-02
8.733969143476343344e-01 -4.864312383299283504e-01 -2.371666892385097813e-02 1.657891930718127904e+00 4.869709690695603332e-01 8.716832915402346060e-01 5.502285464273645732e-02 -3.017317546320619215e+00 -6.091411288401528054e-03 -5.960612071251406019e-02 9.982033886348616880e-01 2.105291051189640480e-02
8.726438124037618760e-01 -4.877422570532424784e-01 -2.450035424308687898e-02 1.695439947604363784e+00 4.883280172153567911e-01 8.709441505872000944e-01 5.469948958133584449e-02 -3.096887755340178572e+00 -5.340812292730258773e-03 -5.969738053339723738e-02 9.982022332581231838e-01 2.153849264020679666e-02
8.723854693654173875e-01 -4.881242826380944866e-01 -2.604376200026026905e-02 1.714136710772294458e+00 4.888033389541405205e-01 8.706986811685697436e-01 5.436085391710739068e-02 -3.125163968583034801e+00 -3.858583595587558937e-03 -6.015389688423480874e-02 9.981816568251876687e-01 2.156399169527781212e-02
8.722069442941600137e-01 -4.887441413318374117e-01 -1.960129176480340102e-02 1.703334681627046709e+00 4.889975526454540811e-01 8.703008478304850026e-01 5.880329729101443220e-02 -3.158596751222252585e+00 -1.168074620049650708e-02 -6.087362794629511825e-02 9.980771320839164629e-01 5.552889584919092764e-02
8.716794116782056179e-01 -4.896308311802701208e-01 -2.089622966123740391e-02 1.712621883760953923e+00 4.899720507162619865e-01 8.698206189229082952e-01 5.778823767402299638e-02 -3.207221012095139656e+00 -1.011893142768212697e-02 -6.061138551696715338e-02 9.981101478155982587e-01 4.226549367140022828e-02
8.713899030946365976e-01 -4.902735904264192146e-01 -1.764775665934992938e-02 1.705228125898578417e+00 4.903964363091031786e-01 8.694670756703183345e-01 5.948394388939499955e-02 -3.218420758792262859e+00 -1.381926336863097127e-02 -6.048810507606215692e-02 9.980732523739205275e-01 5.692017342357116871e-02
8.710745083348914175e-01 -4.908129390305132067e-01 -1.821701977154629309e-02 1.719294330194019560e+00 4.909691825200179216e-01 8.691442437204011107e-01 5.947726812251338813e-02 -3.229650501613995583e+00 -1.335899490053645000e-02 -6.075312739210794732e-02 9.980634222169079139e-01 5.724052230912162614e-02
8.712263140202258782e-01 -4.906380692543246269e-01 -1.545945526592865278e-02 1.760055020239946977e+00 4.905552052898829452e-01 8.690670095741552803e-01 6.386018660194982266e-02 -3.271927946057029413e+00 -1.789693609899549800e-02 -6.322039123750795853e-02 9.978391061739587675e-01 1.134195093465519139e-01
8.705891081680011689e-01 -4.910557348565845470e-01 -3.064098568427739422e-02 1.797907516171197040e+00 4.920095933740343264e-01 8.690337241396601797e-01 5.202832243951799329e-02 -3.303220452344071134e+00 1.079243791624761098e-03 -6.037094973919809870e-02 9.981754272974392439e-01 3.053677481039689112e-02
8.703107734059644107e-01 -4.921172170107636634e-01 -1.948852008473215408e-02 1.785067069733661249e+00 4.923559424425615894e-01 8.684027895739512282e-01 5.884064073135811951e-02 -3.357274538235569761e+00 -1.203260715759676448e-02 -6.080493221573986945e-02 9.980771395955475578e-01 6.447945196268980994e-02
8.702139741001706508e-01 -4.923302313788534001e-01 -1.840061279501890162e-02 1.783140111338419986e+00 4.924913502180429670e-01 8.682676832757174612e-01 5.969505958977914389e-02 -3.359316433792873813e+00 -1.341302505762581587e-02 -6.100961768002647473e-02 9.980470516510434598e-01 6.945394047730542308e-02
8.705468579449910926e-01 -4.917192992491759562e-01 -1.898154019047769772e-02 1.811046029634309829e+00 4.918873646497779473e-01 8.684540515581673503e-01 6.192237745839719587e-02 -3.370844729249840466e+00 -1.396383256845150009e-02 -6.324311091417934849e-02 9.979004561086727287e-01 9.325081419432827701e-02
8.701803334446539528e-01 -4.918233308753782729e-01 -2.993323391815632187e-02 1.856982725672640111e+00 4.927316509937845201e-01 8.684090014933717461e-01 5.550969495704682899e-02 -3.415290530354520460e+00 -1.306673291317297925e-03 -6.305249663521034220e-02 9.980093563053287209e-01 7.038506982083855834e-02
8.699020638273547990e-01 -4.919533013244506425e-01 -3.538853860903432014e-02 1.869409910300823041e+00 4.931950208424514259e-01 8.683925507335812366e-01 5.150775909160228150e-02 -3.437974240412484228e+00 5.391731180494912720e-03 -6.226015697377360048e-02 9.980453907956683413e-01 4.450361589192888129e-02
8.703739670566472686e-01 -4.914504953955490807e-01 -3.042314982942527155e-02 1.841185636624267818e+00 4.923903987732056731e-01 8.685936210117166656e-01 5.564904971082474533e-02 -3.467326840736966620e+00 -9.233991757538646816e-04 -6.341555103619080092e-02 9.979867810851696941e-01 8.150283451478390617e-02
8.700211172046612429e-01 -4.921350600908559469e-01 -2.943362443401674466e-02 1.878495934480102880e+00 4.930106301190807505e-01 8.682272498576505404e-01 5.587451292143706671e-02 -3.468946063491205045e+00 -1.942731978449437416e-03 -6.312309588407792604e-02 9.980038579877682503e-01 6.392041122457514657e-02
8.695866205838485019e-01 -4.925618537031990485e-01 -3.466885602425200802e-02 1.905161070184070882e+00 4.937648997761632241e-01 8.679701247683284659e-01 5.314213261328227383e-02 -3.547905160915953982e+00 3.915743939205679550e-03 -6.332995172997188393e-02 9.979849618923534171e-01 6.275712144896232469e-02
8.700870181762667688e-01 -4.922960011273443959e-01 -2.435627383567882942e-02 1.874048274763105759e+00 4.928334532472087304e-01 8.681094616021045596e-01 5.917051662217952257e-02 -3.537851026822671052e+00 -7.985496951613458086e-03 -6.348708491441364121e-02 9.979507111513603590e-01 8.117209713668306625e-02
8.707162586410553962e-01 -4.913286904556256607e-01 -2.119704869274714396e-02 1.923793115463488634e+00 4.916798775904623886e-01 8.688256403106513481e-01 5.824864557579692570e-02 -3.614399380785056959e+00 -1.020269134839808453e-02 -6.114020505319575638e-02 9.980770413226137672e-01 6.364465543547100090e-02
8.709289986849827470e-01 -4.910169044687870410e-01 -1.962342415235816817e-02 1.950888980558689978e+00 4.912644985693617738e-01 8.690107272034958141e-01 5.898769745162853184e-02 -3.630628930105310737e+00 -1.191099051157658295e-02 -6.101438790270168055e-02 9.980658158527881962e-01 7.667058558720599160e-02
8.717449279861750888e-01 -4.896128970067955000e-01 -1.843886154271655656e-02 1.931195002748548717e+00 4.897653592227632635e-01 8.697207547415538587e-01 6.095655565383957530e-02 -3.614793504284454340e+00 -1.380845522772590137e-02 -6.216928386586902111e-02 9.979700930928886438e-01 9.127434601521076940e-02
8.715119753449189766e-01 -4.900243243408551885e-01 -1.852129543756880423e-02 1.952467373044614263e+00 4.901742938446845832e-01 8.694566429359595894e-01 6.143539458973210771e-02 -3.667871848632279885e+00 -1.400137437047362446e-02 -6.262034500719104724e-02 9.979392035123774152e-01 1.085017344502944708e-01
8.703810459143357381e-01 -4.918053273438433570e-01 -2.375615518728176750e-02 1.975647052268651116e+00 4.923304443606583702e-01 8.686062775768362831e-01 5.598096202950468558e-02 -3.760607101566982635e+00 -6.896989829181347786e-03 -6.042064672218619426e-02 9.981491757152178845e-01 5.261805696170676616e-02
