1.000000000000000000e+00 0.000000000000000000e+00 0.000000000000000000e+00 0.000000000000000000e+00 0.000000000000000000e+00 1.000000000000000000e+00 0.000000000000000000e+00 0.000000000000000000e+00 0.000000000000000000e+00 0.000000000000000000e+00 1.000000000000000000e+00 0.000000000000000000e+00
9.999975356048729225e-01 -1.261322570846449588e-03 -1.826978257462213160e-03 -6.002829313516130048e-03 1.262125457186863680e-03 9.999991074329018792e-01 4.383751018071313185e-04 -9.458681064338041178e-02 1.826423694351125187e-03 -4.406798972461365197e-04 9.999982349873007825e-01 9.342378261980459342e-02
9.999986305001191678e-01 -1.750489723354705979e-04 -1.645708280200812706e-03 -1.794289612435316997e-03 1.763029493864194761e-04 9.999996942479733031e-01 7.618538113606521112e-04 -1.521040251411884259e-01 1.645574415295422092e-03 -7.621429112255773564e-04 9.999983556101612603e-01 9.363905113931637880e-02
9.999923247505589918e-01 -3.478294443583592865e-03 -1.803304670975665802e-03 -8.287263363416627962e-03 3.483440085543416508e-03 9.999898480990834226e-01 2.858206420557458938e-03 -3.154236566766490113e-01 1.793344680494083710e-03 -2.864466186887551849e-03 9.999942893578548375e-01 1.460388592105116845e-01
9.999947225909323612e-01 -3.037583188337820116e-03 -1.152336174066780202e-03 -6.074889084735473829e-03 3.034377791445505047e-03 9.999915507128306347e-01 -2.773275025506749883e-03 -3.854663961778865833e-01 1.160750491241646426e-03 2.769763766505116062e-03 9.999954905233197078e-01 1.382278385528978304e-01
9.999936419731396686e-01 -3.469448852445432361e-03 8.239769149470165064e-04 -1.650761579573840898e-02 3.473406364950878174e-03 9.999822010590102561e-01 -4.851083734705840395e-03 -5.137391786944950356e-01 -8.071316621340385647e-04 4.853914898046103599e-03 9.999878939510430387e-01 6.623381748339475517e-02
9.999892409335318089e-01 -4.444492658384349183e-03 -1.328345658484031281e-03 -2.001922142279936173e-02 4.441474568887333017e-03 9.999875681878385159e-01 -2.266445107874432655e-03 -6.126064905309952513e-01 1.338402343382898542e-03 2.260520909580022216e-03 9.999965493562388286e-01 1.194461001403249040e-01
9.999786976358997492e-01 -6.196062379124593275e-03 -2.052580182081583781e-03 -2.859258037618143261e-02 6.194532305262708330e-03 9.999805317248710024e-01 -7.509598946853744423e-04 -8.019171091950114683e-01 2.057193216237566177e-03 7.382291232172267549e-04 9.999976114840638530e-01 3.003493210199842389e-02
9.999875574786749599e-01 -4.700276912544444283e-03 -1.671013099635084093e-03 -1.110032701073376468e-02 4.696598871532781452e-03 9.999865547669657406e-01 -2.198236641989326830e-03 -8.940440203873293301e-01 1.681322953411207690e-03 2.190361212144968737e-03 9.999961877281766665e-01 9.918864732014706642e-02
9.999895220845714805e-01 -4.442770684116257099e-03 -1.103408228439360910e-03 -3.891238287918199687e-03 4.440552061358430877e-03 9.999881305138701437e-01 -2.005075750519625874e-03 -9.589668274536851111e-01 1.112303223314538986e-03 2.000154999822168281e-03 9.999973810773287175e-01 9.849648642562650047e-02
9.999684308194335403e-01 -7.649974107115817441e-03 -2.148315777590523688e-03 -1.281949911149484964e-02 7.653738044727878727e-03 9.999691796127839760e-01 1.749319432968642974e-03 -1.063039221767478892e+00 2.134867317299110959e-03 -1.765706854586628809e-03 9.999961623030566571e-01 4.940491632007349559e-02
9.999714672569516294e-01 -7.363855747374155498e-03 -1.684725648629593810e-03 7.681968804313217547e-03 7.365039160097825062e-03 9.999726346012363098e-01 6.973140129339143413e-04 -1.162068653702152066e+00 1.679544625638543839e-03 -7.097021870285375031e-04 9.999983377249465066e-01 9.150969073654161012e-02
9.999880797910799535e-01 -4.872038239987935317e-03 3.217438994279022053e-04 6.075125973221340986e-03 4.873197129634548007e-03 9.999812619229266897e-01 -3.705098212841771536e-03 -1.364039893869433362e+00 -3.036864903900407552e-04 3.706621968744174510e-03 9.999930843401350078e-01 1.272040126363934709e-01
9.999766250224022546e-01 -6.835799899619104947e-03 -1.457687832766411430e-04 1.145774195421310308e-02 6.835454163567435126e-03 9.999740992447488930e-01 -2.253310016612200019e-03 -1.466681050798659625e+00 1.611681841404306588e-04 2.252260949704474637e-03 9.999974506694658816e-01 8.665412287960934379e-02
9.999433803963089229e-01 -1.064118663737976395e-02 3.389028018505486759e-05 9.940970688533704372e-03 1.064124055984791775e-02 9.999380132587718517e-01 -3.276223351297618148e-03 -1.562984896027289627e+00 9.747247098728766814e-07 3.276398487453954182e-03 9.999946325915961554e-01 9.118629989141033287e-02
9.999615706967421858e-01 -8.750202050441387505e-03 -5.395310748425053435e-04 2.686454308443124092e-02 8.748294272437418320e-03 9.999558076685661767e-01 -3.442391207900242969e-03 -1.620598543633010813e+00 5.696288503122172052e-04 3.437538942592735600e-03 9.999939294060694595e-01 1.496683898747963870e-01
9.999489876905195418e-01 -1.007459455184615826e-02 -7.242660567879196298e-04 3.324735971673424550e-03 1.007308571239650535e-02 9.999471482699208158e-01 -2.057574077316027227e-03 -1.745191325314882969e+00 7.449570026631288080e-04 2.050173521641811963e-03 9.999976209109676661e-01 8.136459859931913230e-02
9.999482796723663247e-01 -1.015080230584220269e-02 -6.318170802360882935e-04 3.184886126846721288e-02 1.015012419057535753e-02 9.999479164754110361e-01 -1.067387183897794932e-03 -1.900203294571362944e+00 6.426190092631902393e-04 1.060918956452808551e-03 9.999992307455924934e-01 8.793565229052377474e-02
9.999247004523876825e-01 -1.220129819889578110e-02 -1.312153750323585529e-03 2.272174234339157523e-02 1.220141826615559616e-02 9.999255564359640358e-01 8.353754878966118550e-05 -1.980039877679453442e+00 1.311036802378260637e-03 -9.954139518723143735e-05 9.999991356366331186e-01 4.594126801563849782e-02
9.999276794906879484e-01 -1.200356885424169046e-02 -7.417028579409516882e-04 4.476656427389198029e-02 1.200252378169643086e-02 9.999269901793653714e-01 -1.397760245978137876e-03 -2.082318551473144375e+00 7.584268177026494938e-04 1.388756853053863980e-03 9.999987480707990262e-01 1.728650181141044295e-01
9.999305015815560527e-01 -1.178948221733277027e-02 1.076591553894009725e-05 4.734361886321207524e-02 1.178948658592116755e-02 9.999303164457555848e-01 -6.084888919140838412e-04 -2.174974037732284149e+00 -3.591396361015035119e-06 6.085735275152866089e-04 9.999998148126646447e-01 1.391382821586361895e-01
9.998975253287416542e-01 -1.428388522502684575e-02 -9.536583962594546342e-04 4.568495341532938930e-02 1.428437930566800636e-02 9.998978412951664563e-01 5.133041183113078165e-04 -2.263665473320180421e+00 9.462289946413467373e-04 -5.268739359007333992e-04 9.999994135271007556e-01 7.973931623202697161e-02
9.998882554994689142e-01 -1.494893100472999801e-02 7.730488045513470691e-05 2.279872979927078172e-02 1.494890489203531785e-02 9.998882050799652310e-01 3.280007535991490706e-04 -2.381230719542541951e+00 -8.219949879725906104e-05 -3.268084780131503761e-04 9.999999432197289595e-01 2.725770107497593742e-02
9.998433273402808075e-01 -1.769995273558211055e-02 -1.801284936090007539e-04 2.643349690057457749e-02 1.769981686624489889e-02 9.998430796037466317e-01 -7.298297044350737306e-04 -2.567582707546109511e+00 1.930181790479317688e-04 7.265271187248660166e-04 9.999997174511242592e-01 2.388344055252367842e-02
9.998317501852455047e-01 -1.829274380730093116e-02 -1.358986942291977263e-03 1.667753122149682327e-02 1.829330421091418871e-02 9.998325830603980169e-01 4.010882935680974769e-04 -2.661790326227003511e+00 1.351422419458790962e-03 -4.258811720910116584e-04 9.999989961408318750e-01 6.055926382186835322e-02
9.998240248818891507e-01 -1.869363395037162978e-02 -1.570770100650383840e-03 2.346875291451053572e-02 1.869274645827153497e-02 9.998251083950556728e-01 -5.777998458883489919e-04 -2.754846566640173577e+00 1.581296564962100370e-03 5.483361602565331580e-04 9.999985994133336886e-01 1.284928081993284843e-01
9.998096863138944412e-01 -1.945809216120521559e-02 -1.404920765762061007e-03 3.143545492278810444e-02 1.946058545240357887e-02 9.998090343573139416e-01 1.783376389052933894e-03 -2.855785030708348327e+00 1.369951372028794818e-03 -1.810377568734588454e-03 9.999974228798276243e-01 2.008620146229544989e-02
9.998054556744059296e-01 -1.972436870442677986e-02 9.105232655983622154e-06 3.077929379183313649e-02 1.972429453456708143e-02 9.998027667902239513e-01 2.319423145237340528e-03 -2.966266253190925184e+00 -5.485259409996365125e-05 -2.318792320335071044e-03 9.999973100930662495e-01 -8.371599267501660113e-02
9.998127027804468714e-01 -1.934792842190930992e-02 -4.658590328659224940e-04 3.713704897429027929e-02 1.934804658042848721e-02 9.998127776508476394e-01 2.504787779742217698e-04 -3.114677583184305210e+00 4.609255681759629798e-04 -2.594453262633533231e-04 9.999998601178619051e-01 2.938637434640353763e-02
9.997608962490380780e-01 -2.186108801640312266e-02 -4.931146512689769078e-04 4.397512491349839236e-02 2.186157514228064674e-02 9.997605019752836553e-01 1.005098217770664191e-03 -3.207651306787401069e+00 4.710240106802248881e-04 -1.015638158019186409e-03 9.999993733075602798e-01 2.442716218352117274e-02
9.997406873794888460e-01 -2.277039067898355834e-02 2.594346035209301815e-04 7.101317894018435717e-02 2.277030678172739520e-02 9.997406711368757026e-01 3.218755276540660607e-04 -3.310746342094928352e+00 -2.666965561548310330e-04 -3.158846557555442663e-04 9.999999145449119942e-01 6.423752132431746753e-02
9.997242901743647048e-01 -2.347849645684844250e-02 3.222413512804050669e-04 4.181482982882259863e-02 2.347853356435112421e-02 9.997243349791082867e-01 -1.118581573132664160e-04 -3.417860269157882769e+00 -3.195262592614230837e-04 1.193930713020765479e-04 9.999999418241304339e-01 7.576639901095677532e-02
9.997131993967162122e-01 -2.394736914578571296e-02 -2.060654675519867508e-04 6.549613368511179867e-02 2.394739714012603105e-02 9.997132109195404626e-01 1.344736239751419260e-04 -3.505853838172013681e+00 2.027860807123287674e-04 -1.393697884469932680e-04 9.999999697269332799e-01 3.011209121715368447e-02
9.997186511276335841e-01 -2.371886769895216462e-02 -1.841266531177761213e-04 4.592928553198885600e-02 2.371880620149716817e-02 9.997186153123014396e-01 -3.292877625313651380e-04 -3.621565486265570399e+00 1.918851755713570236e-04 3.248278533888620439e-04 9.999999288334699976e-01 4.375877453245277660e-02
9.996638780443886096e-01 -2.591683000763590067e-02 6.699668715891932093e-04 7.406473802147568730e-02 2.591771359274060160e-02 9.996631739585232213e-01 -1.345642335857585425e-03 -3.808142168048223919e+00 -6.348664256304159927e-04 1.362554045418576647e-03 9.999988701949091841e-01 4.641481207680932253e-02
9.996888117911556515e-01 -2.494466943553796598e-02 2.074761171653146448e-04 9.526180362295037785e-02 2.494475329138892347e-02 9.996887463667668561e-01 -4.119112451474886199e-04 -3.865252704242724491e+00 -1.971365496230528716e-04 4.169585037814523606e-04 9.999998936413878603e-01 6.350664720180256018e-02
9.996021165618018678e-01 -2.819581075292201464e-02 -7.777024824704923929e-04 1.050800768342232683e-01 2.819717650899481939e-02 9.996007509918757306e-01 1.804952464382491954e-03 -3.949932320778470896e+00 7.264998874220012512e-04 -1.826163317859883384e-03 9.999980686608600511e-01 2.024306630342039004e-02
9.996028556039535662e-01 -2.809707697410822325e-02 -2.164563219800615633e-03 8.605381374779905168e-02 2.810690752107083273e-02 9.995940907138373133e-01 4.653553435674936609e-03 -4.071666757362796041e+00 2.032933354403927868e-03 -4.712544481248703149e-03 9.999868294665129609e-01 9.089432169059064037e-02
9.995805681525399278e-01 -2.895973712439939979e-02 1.462789495499133732e-04 6.914081543400633911e-02 2.895977393031950314e-02 9.995805449830994505e-01 -2.560960654142392743e-04 -4.179382310802573386e+00 -1.388011173776683774e-04 2.602248558781254054e-04 9.999999565086361564e-01 3.106072462175905879e-02
9.995103317878485383e-01 -3.129005540428617116e-02 1.705348694890950530e-04 9.253157060316993809e-02 3.129000624719062429e-02 9.995103076189596480e-01 2.836767586598564123e-04 -4.345595205928477256e+00 -1.793276213581797653e-04 -2.782018140369369266e-04 9.999999452226759900e-01 2.292035752875317550e-02
9.994791925308057490e-01 -3.226931674284182899e-02 1.868018168350078388e-04 9.873501504342836743e-02 3.226939584685859647e-02 9.994791118171992839e-01 -4.371873524598771077e-04 -4.440075364832155813e+00 -1.725967768236005753e-04 4.429876437936399185e-04 9.999998869861436157e-01 7.407636599886086026e-02
9.994799999349999187e-01 -3.224483843092420393e-02 1.115777962601370047e-05 9.923502685614593588e-02 3.224482484879980654e-02 9.994797986846480908e-01 6.350525690720626839e-04 -4.543743272194489258e+00 -3.162914281924783392e-05 -6.343625610451243896e-04 9.999997982918489292e-01 2.810414328733287781e-02
9.993728657276036431e-01 -3.538072354044967394e-02 -1.442098870191662165e-03 9.845840360260116331e-02 3.538927515229647880e-02 9.993530271560816525e-01 6.412980443679347151e-03 -4.657206311704819690e+00 1.214269983236273458e-03 -6.459993477568936465e-03 9.999783967829892761e-01 6.234797366997266166e-03
9.994459696508900537e-01 -3.323328533879092717e-02 -1.817276583949665146e-03 1.286753093125404535e-01 3.324026776795020732e-02 9.994395546043952638e-01 3.957434886778482368e-03 -4.724161212337827820e+00 1.684739536853655049e-03 -4.015649108005493913e-03 9.999905180625136003e-01 9.564144538781046978e-02
9.994604890050714507e-01 -3.280020323738988552e-02 -1.696344696499457955e-03 1.421540478371389749e-01 3.280679014612424005e-02 9.994536558013771277e-01 4.013031967297203510e-03 -4.802611068839497399e+00 1.563789644290169934e-03 -4.066518516901395687e-03 9.999905089495100263e-01 1.142550727607263977e-01
9.993660612467006876e-01 -3.558747586187375328e-02 -1.003588579121158716e-03 1.462484945078244003e-01 3.559264343766418287e-02 9.993500475641748926e-01 5.713682402853719443e-03 -5.008752383770524119e+00 7.996007596856232478e-04 -5.745780648609277209e-03 9.999831731801106516e-01 1.544609529682962057e-01
9.993756408373134503e-01 -3.532059204361124444e-02 8.855951094350490022e-04 1.151196612642203104e-01 3.531750514880326736e-02 9.993707341145988687e-01 3.287799463467350539e-03 -5.133657732485964686e+00 -1.001164858214737691e-03 -3.254469685910031315e-03 9.999942030311926855e-01 7.143107202556081559e-02
9.993596227372805174e-01 -3.571444316092362015e-02 2.196131167661490632e-03 1.539692622867668836e-01 3.571491847304156253e-02 9.993620030111285413e-01 -1.775839210121419427e-04 -5.193505115552984996e+00 -2.188387731736074048e-03 2.559048459160368654e-04 9.999975727329768471e-01 2.121801440010687850e-02
9.992942851743336075e-01 -3.754477246527698764e-02 1.149642748119315177e-03 1.656435881764559970e-01 3.754509806700209729e-02 9.992948996502752923e-01 -2.629526296096076129e-04 -5.277227864664531864e+00 -1.138959637967718952e-03 3.059305097606016162e-04 9.999993045884912890e-01 8.196863850192796785e-02
9.992888134699425828e-01 -3.741953343883380745e-02 4.652503740394365282e-03 1.347672845374616735e-01 3.741605208672971195e-02 9.992994270883847063e-01 8.331068774695949385e-04 -5.392193251284555622e+00 -4.680418792962252710e-03 -6.584360607959399876e-04 9.999888300085537640e-01 -8.126236339849138290e-02
9.992532041207579097e-01 -3.859499807232723984e-02 1.860155422552056985e-03 1.468210965577376181e-01 3.859398750825449725e-02 9.992548084346670745e-01 5.761496415266809286e-04 -5.464528167627583422e+00 -1.881005744725057277e-03 -5.039285602071760621e-04 9.999981039348997403e-01 -5.992238472693561802e-03
9.991514977943172227e-01 -4.117483076028306821e-02 9.580016882106338720e-04 1.249689233064963934e-01 4.117210798768089486e-02 9.991484030073525258e-01 2.706712343017177603e-03 -5.651760003607837035e+00 -1.068634279494504093e-03 -2.664972742664589809e-03 9.999958779620331528e-01 -1.096598189652287503e-01
9.991780434196749772e-01 -4.051356679052374454e-02 1.374210296822519529e-03 1.501212388856381086e-01 4.051124088992977268e-02 9.991776701324613930e-01 1.680139941869432905e-03 -5.731503853641517487e+00 -1.441148704403517021e-03 -1.623087975420347412e-03 9.999976443351433764e-01 -7.017181555940851800e-02
9.991979921227212014e-01 -4.003770056443391873e-02 5.958787083025335850e-04 1.855110370639041495e-01 4.003698046248074099e-02 9.991975078335066929e-01 1.174961597760430972e-03 -5.815325923242865791e+00 -6.424432809327817323e-04 -1.150162085101210079e-03 9.999991321965278068e-01 5.439635019981355069e-02
9.991789625428787458e-01 -4.049195899149508199e-02 1.342411549286774437e-03 1.717334230092052993e-01 4.048982470570552245e-02 9.991787005065785321e-01 1.580680007551335314e-03 -5.943612161962105844e+00 -1.405313857405826941e-03 -1.525028201743876917e-03 9.999978496886611223e-01 -4.618685639715855440e-02
9.992101011776285402e-01 -3.971916160580447885e-02 1.249762347560564061e-03 1.790658223257549087e-01 3.971731091297453498e-02 9.992098715226210848e-01 1.472367341756736009e-03 -6.024639472735590751e+00 -1.307256071130145090e-03 -1.421567120801992207e-03 9.999981351125039053e-01 -6.167835507274581353e-02
9.991884081954461871e-01 -4.027719284386448856e-02 5.221728339002509357e-04 1.744896467784310679e-01 4.027717074752710374e-02 9.991885441357786224e-01 5.276739303118155268e-05 -6.112301034268544875e+00 -5.238744361570303251e-04 -3.169292305672925813e-05 9.999998622755573718e-01 6.123471814687128645e-02
9.991203515853707140e-01 -4.191816578055217873e-02 1.179163058839647563e-03 1.409398210985495503e-01 4.191365416430471030e-02 9.991146752146126131e-01 3.620961943225520924e-03 -6.240242039017924291e+00 -1.329903199578841202e-03 -3.568353737141201180e-03 9.999927490782553052e-01 -1.279389271520452454e-01
9.990465247595665677e-01 -4.365273648065461781e-02 6.927940410560548719e-04 1.523916420877723388e-01 4.364718485612461424e-02 9.990249143461249481e-01 6.644077803048629299e-03 -6.320377645662594190e+00 -9.821506850189794680e-04 -6.607504329790713990e-03 9.999776878843665839e-01 -1.063853951923913188e-01
9.990846511354131154e-01 -4.273566379338394200e-02 1.876940534169023152e-03 1.772717840051992455e-01 4.273436680688765671e-02 9.990862060572645031e-01 7.257821405846085275e-04 -6.422574338064570121e+00 -1.906242178825290996e-03 -6.449079314643922818e-04 9.999979751652078308e-01 -2.764889431638968553e-02
9.990457436404563962e-01 -4.366782779824803645e-02 8.502524742806961142e-04 1.711357275471013240e-01 4.366592064876522600e-02 9.990438851350438298e-01 2.145448245249448240e-03 -6.605735979129058855e+00 -9.431265997746769410e-04 -2.106273880543990239e-03 9.999973370577328602e-01 -5.124636665638448996e-02
9.989810562096018698e-01 -4.511026624282470782e-02 -1.383189737424586835e-03 1.754571111162188113e-01 4.511872860456354190e-02 9.989580671319046035e-01 6.861518869537171911e-03 -6.697125289095128053e+00 1.072223603539364288e-03 -6.916935129863835754e-03 9.999755028724219841e-01 -6.240008980048859788e-02
9.989854618522628904e-01 -4.500658144479469103e-02 1.566727313216880781e-03 2.000502952039514837e-01 4.500598091512687804e-02 9.989866306508454752e-01 4.164885814218129449e-04 -6.796829889057530494e+00 -1.583884367039771219e-03 -3.455539383100166700e-04 9.999986859505304304e-01 8.226488445922663928e-04
9.988931389784906356e-01 -4.700945587334709463e-02 -1.614918013291293539e-03 2.039552083187534948e-01 4.701867653978095141e-02 9.988744789701746729e-01 6.246544525531156494e-03 -6.891605967494601082e+00 1.319453729872035802e-03 -6.315561776581931491e-03 9.999791861440421314e-01 3.375530917924113306e-03
9.989816580459884854e-01 -4.511370165202569643e-02 -6.330963115520172419e-04 1.886385049154637450e-01 4.511609952635298876e-02 9.989716194118959391e-01 4.499019126687008041e-03 -6.989083088448531988e+00 4.294778409867019845e-04 -4.523000422960150521e-03 9.999896789547170206e-01 4.109350562457210476e-02
9.989259398691383574e-01 -4.633065856142763728e-02 -6.608583985129464454e-04 2.284382421046836087e-01 4.633324074264207060e-02 9.989151815329445627e-01 4.657349599170011213e-03 -7.073534090818763609e+00 4.443634130377832028e-04 -4.682967036925156194e-03 9.999889361192393356e-01 6.070699614966655611e-02
9.988410243929208843e-01 -4.812661745764925530e-02 6.608190262563449612e-04 2.580302349091399550e-01 4.812286955817091788e-02 9.988296968493748373e-01 4.840053437031088812e-03 -7.164833571908037158e+00 -8.929810679064998074e-04 -4.802643425358518042e-03 9.999880685292905635e-01 1.090347417613522774e-01
9.988485707860064178e-01 -4.789564419534005774e-02 2.745888902669804937e-03 2.488189636581127906e-01 4.787978930606181377e-02 9.988375463563483603e-01 5.575102226569497721e-03 -7.275398167157539397e+00 -3.009720046706254332e-03 -5.437210308877140491e-03 9.999806889781909236e-01 2.059757359004099619e-02
9.986761089974049987e-01 -5.143951991068849983e-02 -7.147839560850688661e-05 2.441347779518580619e-01 5.143891265556471692e-02 9.986553685061205776e-01 6.441523012272887781e-03 -7.438791118468977004e+00 -2.599665677383296400e-04 -6.436671908862397380e-03 9.999792506207922926e-01 -3.218370264061144043e-02
9.985882929060848623e-01 -5.311676427991964683e-02 -1.749952651389268465e-04 2.494450349343579620e-01 5.311700571592096326e-02 9.985776186449784042e-01 4.617709940962042882e-03 -7.544557571311374389e+00 -7.053145531054627062e-05 -4.620486311579388196e-03 9.999893230087800733e-01 7.988520326352792356e-02
9.986570305328724695e-01 -5.180814978387140307e-02 -2.257946798286636055e-04 2.674830546728103053e-01 5.180863120216645107e-02 9.986445511340917847e-01 4.992616863543689748e-03 -7.631690409928038044e+00 -3.316961559399195366e-05 -4.997610044829538939e-03 9.999875113188246845e-01 4.149020451076818050e-02
9.986019501177605395e-01 -5.283965622357789799e-02 1.454630942806460665e-03 2.343701750272806361e-01 5.282959839669542496e-02 9.985839726428509255e-01 6.251648907756900304e-03 -7.733455535544063508e+00 -1.782906124713272162e-03 -6.166061222213736585e-03 9.999794002552024885e-01 -7.330502057519536208e-02
9.986269266664389299e-01 -5.231798256092133614e-02 2.662712432443094593e-03 2.577772399255909841e-01 5.230520096815927111e-02 9.986202609649997841e-01 4.662653952020263080e-03 -7.842591366007522602e+00 -2.902979232310478989e-03 -4.516978077315768857e-03 9.999855847064125225e-01 -1.218310305168596175e-02
9.986217566282227232e-01 -5.246489473047188240e-02 1.421973868718265713e-03 2.946602480805072255e-01 5.245880203364357980e-02 9.986149647697311060e-01 4.028179135011049003e-03 -7.931715327568142904e+00 -1.631342379087407334e-03 -3.948032278141782800e-03 9.999908758399612685e-01 1.094607113554736666e-01
9.986458053503768362e-01 -5.199357734452803026e-02 1.795374895599688133e-03 2.697842659354152683e-01 5.198345619003884310e-02 9.986339536046121568e-01 5.286491327859850313e-03 -8.021669426630205990e+00 -2.067785925931442132e-03 -5.186002597358282083e-03 9.999844146977615589e-01 1.275099446030958372e-02
9.986011888636324718e-01 -5.286287612165811722e-02 1.087165252405302568e-03 3.016670026908892521e-01 5.285732841986630348e-02 9.985913902828061905e-01 4.619316547567677012e-03 -8.105493150722166362e+00 -1.329824219287364592e-03 -4.555390345345479083e-03 9.999887399297791024e-01 1.491880609762863130e-01
9.984191576541652235e-01 -5.620606495303375610e-02 2.527679618232654430e-04 2.881550119039931745e-01 5.620417980928783114e-02 9.984074982942704457e-01 4.853609145947181472e-03 -8.216641019320411132e+00 -5.251676993266540892e-04 -4.831729739102794477e-03 9.999881892235606973e-01 1.616783177559225904e-01
9.983954604074066763e-01 -5.660703632162627369e-02 1.465631865283615817e-03 2.986065418425772888e-01 5.659933928083610982e-02 9.983852059288436109e-01 4.847202842183232115e-03 -8.406401131840738117e+00 -1.737650958982814471e-03 -4.756471518105626940e-03 9.999871781917216707e-01 9.995722907383440548e-02
9.982679605322867245e-01 -5.882952999054120308e-02 -4.066642360877498761e-04 3.326203961600297521e-01 5.883085747486382217e-02 9.982540462241515922e-01 5.271565790324270195e-03 -8.478473200295917778e+00 9.583048137025724903e-05 -5.286359636032184409e-03 9.999860225114736156e-01 6.308442481943406233e-02
9.983464502406566021e-01 -5.748336566393957153e-02 -1.672238795805723664e-04 3.186427793348119430e-01 5.748357870534281239e-02 9.983387199578966920e-01 3.929174475012371139e-03 -8.584636962729101484e+00 -5.891609921769188610e-05 -3.932290016548079491e-03 9.999922667821581346e-01 1.174970002204698133e-01
9.983360042379801902e-01 -5.766362550874445936e-02 -3.590756617282818029e-04 3.067986867309707155e-01 5.766472146894445483e-02 9.983217098949176416e-01 5.342607078660561656e-03 -8.672532329168516796e+00 5.039893477397746268e-05 -5.354423001143372371e-03 9.999856637043713636e-01 4.478787922681834455e-02
9.983464596330746677e-01 -5.748338342849305255e-02 8.466237905867596476e-05 2.852330657453345797e-01 5.748123776602235419e-02 9.983199380347087537e-01 7.294424395478884757e-03 -8.772413223272932825e+00 -5.038283354311947574e-04 -7.277496271946966300e-03 9.999733917485106316e-01 -1.140995104796987958e-01
9.982829254789052920e-01 -5.855264431048187029e-02 1.669892669785623092e-03 3.359140031806644444e-01 5.853984455126812897e-02 9.982612765986600412e-01 6.892767479531318464e-03 -8.844480979621362593e+00 -2.070578950866794592e-03 -6.783176826805832269e-03 9.999748502912183534e-01 -3.122174974150815352e-02
9.982376538372510488e-01 -5.931451233083846752e-02 1.837141381402990388e-03 3.438224214389774547e-01 5.930306340946002452e-02 9.982234018124755970e-01 5.760793711160986166e-03 -8.958014475598945481e+00 -2.175576188970638862e-03 -5.641693086636248231e-03 9.999817189165820519e-01 3.291130219726149525e-02
9.982763396684799506e-01 -5.866988767114114656e-02 1.481195043632744807e-03 3.338237592467900861e-01 5.865838478001918210e-02 9.982543856971344276e-01 6.882974025527812539e-03 -9.040831690335840776e+00 -1.882432761300344669e-03 -6.784225607433460800e-03 9.999752150577566612e-01 -3.007783027062903292e-02
9.981461522537234954e-01 -6.070550488671374451e-02 4.370402445520881266e-03 3.393340566653982315e-01 6.068716545184806715e-02 9.981479426712358549e-01 4.213370455985789194e-03 -9.144495875246267502e+00 -4.618082990447386349e-03 -3.940332172359245315e-03 9.999815733761622250e-01 -1.868874339566563292e-01
9.981380387172827939e-01 -6.097681930816036683e-02 1.511017099816216840e-03 3.403517060034403907e-01 6.096806185017644014e-02 9.981257123249781538e-01 5.287516429108772738e-03 -9.259737336843070210e+00 -1.830600952975978881e-03 -5.185547494237771789e-03 9.999848793843514327e-01 2.511029889347099475e-02
9.980549831146765527e-01 -6.226501144210920546e-02 3.052708645887154855e-03 3.445210059211416542e-01 6.225649005087530163e-02 9.980562238920061002e-01 2.811298094316245621e-03 -9.354077554364391034e+00 -3.221820371766393951e-03 -2.615779146612228368e-03 9.999913887493973030e-01 -9.520152607689019719e-02
9.980006716112149734e-01 -6.320209666092879708e-02 3.929901099753951811e-04 3.770646201454627144e-01 6.319926950534698884e-02 9.979878264284645084e-01 5.113769116756014359e-03 -9.528231983901987334e+00 -7.154002756811140467e-04 -5.078708325113920515e-03 9.999868473756011733e-01 3.928395884124244453e-02
9.980222234960525185e-01 -6.285591082450041334e-02 8.808418801292028540e-04 3.695020164861395062e-01 6.284860301794502335e-02 9.980004203952683728e-01 6.724134855894711542e-03 -9.638041208993916698e+00 -1.301732187544736141e-03 -6.655476338321528358e-03 9.999770047996213718e-01 -4.224688306402060722e-02
9.980704192567243505e-01 -6.206972790528730161e-02 1.669455740680133140e-03 3.841012105328354687e-01 6.205920717479160992e-02 9.980559056905715654e-01 5.750123564687459332e-03 -9.731837887121590924e+00 -2.023118766356765772e-03 -5.635423137305568472e-03 9.999820743375956722e-01 3.923594186701045983e-03
9.980202974662721882e-01 -6.286987217321594879e-02 1.692636481048788877e-03 3.920667635434554321e-01 6.285748764865263516e-02 9.980008277876644129e-01 6.579056287646090767e-03 -9.822501745746031077e+00 -2.102877037054993146e-03 -6.459636836542716545e-03 9.999769252338310821e-01 -3.231265767833350899e-02
9.979641815472932720e-01 -6.375579871471204196e-02 1.640267932436263341e-03 3.682165276116988739e-01 6.374185521697248169e-02 9.979383826873547969e-01 7.480658583653314320e-03 -9.916632848378803544e+00 -2.113821690582259449e-03 -7.360875599803919436e-03 9.999706742041312157e-01 -1.118035374833615536e-01
9.978912584565388100e-01 -6.487265877689910032e-02 2.138793875352556443e-03 3.892376182092424086e-01 6.485590207407618268e-02 9.978690610815734718e-01 7.144851456594927472e-03 -1.001921376247323359e+01 -2.597741746800388222e-03 -6.991071405370048036e-03 9.999721879424556814e-01 -8.055079302182396872e-02
9.979239839881069996e-01 -6.436032902966891400e-02 2.338851961335108604e-03 3.926919625183279972e-01 6.434363223694937461e-02 9.979058161863620935e-01 6.624123488179686770e-03 -1.009489538833402911e+01 -2.760284742647587958e-03 -6.459881471296655131e-03 9.999753250753321554e-01 -3.678556817576098675e-02
9.978893514742445126e-01 -6.487597788228968709e-02 2.819522677409877845e-03 4.014915045035531427e-01 6.485667451832041741e-02 9.978736159394376859e-01 6.469805435734947603e-03 -1.018716095253627252e+01 -3.233262243681697852e-03 -6.273285085844292584e-03 9.999750956446341599e-01 -4.663098660396230305e-02
9.977977561555387842e-01 -6.627967488688356335e-02 2.577306318819032934e-03 4.271354393997904286e-01 6.626404480661603202e-02 9.977856183596169881e-01 5.739003448651576293e-03 -1.027982316300606591e+01 -2.951978461776326879e-03 -5.555582022242841998e-03 9.999802104699648808e-01 1.164149772908941449e-03
9.977440601581784030e-01 -6.710005750803466062e-02 2.091100545598057001e-03 4.178449078339742107e-01 6.708569630181415722e-02 9.977272465146840297e-01 6.312758028602215993e-03 -1.037744077972165613e+01 -2.509934416298419037e-03 -6.158233890115162937e-03 9.999778879478188331e-01 -3.255427160605427195e-02
9.977133597848902857e-01 -6.756570553973917370e-02 1.710889144084692687e-03 4.265083995349966406e-01 6.755516020801691224e-02 9.976997555877055168e-01 5.612310531496995415e-03 -1.049107955319139585e+01 -2.086153401659659404e-03 -5.483897806309191887e-03 9.999827872662782058e-01 1.240784667281262521e-02
9.977329767579761199e-01 -6.728019900812846898e-02 1.510599581160462258e-03 4.306859103515574549e-01 6.727066684396380836e-02 9.977187069288002697e-01 5.660320370020933967e-03 -1.058505019787213364e+01 -1.887980941747375435e-03 -5.545869251025918947e-03 9.999828392838620017e-01 1.224032091883948958e-02
9.976757450940340055e-01 -6.806631619976692693e-02 3.175570823862906237e-03 4.155731362852905786e-01 6.805719360183019873e-02 9.976772136526318446e-01 2.897543332511718066e-03 -1.067720137660558599e+01 -3.365419751981406100e-03 -2.674688264849917323e-03 9.999907599536002056e-01 -1.438562866438899412e-01
9.975512015309772051e-01 -6.993811653720206911e-02 5.100777709992802096e-04 4.821328307299623805e-01 6.993442944310672427e-02 9.975374073834409883e-01 5.319440683955204037e-03 -1.082948532268158282e+01 -8.808533197137393333e-04 -5.270742447865830495e-03 9.999857215838021673e-01 4.229593857454003181e-02
9.976090529567694931e-01 -6.910874141175617213e-02 -3.991480682817586593e-04 4.329839550516204061e-01 6.910942733646009695e-02 9.975644506338501305e-01 9.436836589200315803e-03 -1.096766094387688106e+01 -2.539919761309885541e-04 -9.441858507081324001e-03 9.999553924030852858e-01 6.944047049737173127e-02
9.975802011724927976e-01 -6.952302409397093097e-02 5.397679852869260737e-04 4.920844524427402944e-01 6.951583365951169435e-02 9.975437871861485561e-01 8.598925336287682047e-03 -1.103378513596130439e+01 -1.136265493581943131e-03 -8.540595245361173871e-03 9.999628828779510981e-01 1.269224138826642034e-01
9.974710481290042230e-01 -7.106520646017561171e-02 1.115605305803338363e-03 4.872125137495651459e-01 7.105227995834378918e-02 9.974315899933945406e-01 9.044158112832920149e-03 -1.115049020236565092e+01 -1.755464937519434897e-03 -8.942019571740938283e-03 9.999584784523963821e-01 9.004373081837034609e-02
9.973424328139993689e-01 -7.285651155360847731e-02 -2.080605864315131963e-05 4.648003709310263853e-01 7.285336315722654166e-02 9.972965965497616603e-01 9.585717862700281547e-03 -1.125949716966054659e+01 -6.776321527410247500e-04 -9.561758964800310887e-03 9.999540557346445757e-01 6.029148952158813052e-02
9.973313869059576842e-01 -7.300647917133731846e-02 -3.983606958337180658e-04 4.712575959112228485e-01 7.300719350483203529e-02 9.972940219247325988e-01 8.636175643133646440e-03 -1.134542762812274042e+01 -2.332140366857034729e-04 -8.642212228135381924e-03 9.999626281911824233e-01 7.518960923812149921e-02
9.972113850972195159e-01 -7.462498089576799498e-02 7.521029125853069541e-04 5.069606505117018047e-01 7.461969364161452622e-02 9.971966366742530674e-01 5.546992553564865543e-03 -1.142672986910744903e+01 -1.163938708201723389e-03 -5.475402438540301168e-03 9.999843324846742210e-01 1.482101979978277251e-02
9.971196770978815183e-01 -7.584424024933078545e-02 -2.766258096651761744e-05 4.937645153074935456e-01 7.584269778611232860e-02 9.970969358815607864e-01 6.751714458345833315e-03 -1.152313596891982073e+01 -4.844963787533712813e-04 -6.734365345331123041e-03 9.999772065335562621e-01 -5.026702769411858784e-02
9.972425388077289510e-01 -7.420496138189813795e-02 -9.708236844561046394e-04 5.053888347785023827e-01 7.421103734040329636e-02 9.971890917103041208e-01 1.032653430924444261e-02 -1.161024833715404192e+01 2.018147084873040103e-04 -1.037010512433416375e-02 9.999462086485121359e-01 1.945615531649774743e-02
9.972424323482296238e-01 -7.421178239683869082e-02 3.774621450215092451e-04 5.345285176875893551e-01 7.420422775503739132e-02 9.971921631640218164e-01 1.007582788347596674e-02 -1.169211715273814178e+01 -1.124147439263048715e-03 -1.002003381946160558e-02 9.999491663153641241e-01 6.552546713207532680e-02
9.971266426985206932e-01 -7.574912624674734474e-02 7.268381050649507132e-04 5.371375966815761238e-01 7.573668982808579031e-02 9.970678747411767517e-01 1.093649729106460806e-02 -1.179912995543223708e+01 -1.553137038696078033e-03 -1.085002451460218183e-02 9.999399305625171763e-01 9.358462298385841760e-03
9.972001605337261765e-01 -7.477478395609678252e-02 7.559866598089387633e-04 5.433595781354212395e-01 7.476283418138311709e-02 9.971465168686057812e-01 1.045669746977350920e-02 -1.187989990644092941e+01 -1.535726758824192779e-03 -1.037090069022011951e-02 9.999450414708779267e-01 3.397069769351655777e-02
9.969805900927826148e-01 -7.764664437622505189e-02 8.376128933354496167e-04 5.426475267659519597e-01 7.763207965945488620e-02 9.969167221663770562e-01 1.141530870342898595e-02 -1.196901812817649535e+01 -1.721390715408248426e-03 -1.131581557637670148e-02 9.999344924203016349e-01 1.740137393014540290e-04
9.968766252490304236e-01 -7.897445198224521679e-02 1.731075044890536489e-04 5.510108751486664236e-01 7.896927005418703793e-02 9.968319906748955850e-01 9.478225268152175656e-03 -1.206630454103164851e+01 -9.210967446171740639e-04 -9.434951045395224487e-03 9.999550656302301777e-01 4.179900974073762210e-02
9.968281139528372137e-01 -7.958425372583888269e-02 2.403999391862082693e-04 5.569189808496708416e-01 7.957883600848048022e-02 9.967875672572504842e-01 9.041826193188126290e-03 -1.228241614649594915e+01 -9.592146604538310650e-04 -8.994015803508134330e-03 9.999590929567876429e-01 6.465739067146208940e-02
9.967549422025949735e-01 -8.048825450309020357e-02 1.107285756827890242e-03 5.662690165062815861e-01 8.048087967106522245e-02 9.967404886793750363e-01 5.588043894965599029e-03 -1.238079992163786258e+01 -1.553448445560773414e-03 -5.480795037795249680e-03 9.999837737101940904e-01 -1.238419088682924524e-02
9.966007985829897775e-01 -8.238123261623282734e-02 4.251780535697621387e-04 5.736494646243174289e-01 8.237617223712807857e-02 9.965761371795329726e-01 7.083011497919879107e-03 -1.245376405109269236e+01 -1.007229520073655259e-03 -7.023910374627139602e-03 9.999748247689753677e-01 -1.023095887070832183e-01
9.966633299592988493e-01 -8.162054747344388295e-02 5.412435469234319532e-04 5.609115822079584479e-01 8.161424625479141159e-02 9.966359576626185879e-01 7.475473374807752383e-03 -1.254450214537867225e+01 -1.149575010191708707e-03 -7.406357002635546860e-03 9.999719117821487258e-01 -1.870759194181544627e-01
9.966964609940669462e-01 -8.120473783132568790e-02 1.398283107267405626e-03 6.008432605477505017e-01 8.119695948639309158e-02 9.966858824476162448e-01 4.930060829390381025e-03 -1.264528687716687294e+01 -1.793993329821543144e-03 -4.800237844327568532e-03 9.999868695660810713e-01 -5.324440164979454826e-02
9.965464596354868254e-01 -8.303611509508035393e-02 3.967088273260565776e-04 6.133976581378389747e-01 8.303253160274903788e-02 9.965306169530170344e-01 5.685786742200416542e-03 -1.275743145048111771e+01 -8.674581347773786984e-04 -5.633210909940172297e-03 9.999837570936982445e-01 -4.365118057057598699e-02
9.967438027700125103e-01 -8.062890349740053919e-02 8.783850985352775666e-04 6.389386400138314936e-01 8.062122340452348990e-02 9.967221240283737904e-01 6.725013689575664970e-03 -1.280811299167958950e+01 -1.417736340922448211e-03 -6.632299237363823395e-03 9.999770010507710305e-01 -3.113311137430314554e-02
9.965541197869522971e-01 -8.294029487529620825e-02 8.909666949787394680e-04 6.052492229983474914e-01 8.292715231364601591e-02 9.965045628501114638e-01 1.008680465051430344e-02 -1.293163392230690079e+01 -1.724454928956962833e-03 -9.978161399135331705e-03 9.999487299608369462e-01 4.802175048334268725e-02
9.964277676121993110e-01 -8.444744912121848746e-02 -5.764271751221018399e-04 6.606142343586931531e-01 8.444773555421217215e-02 9.963416580515089827e-01 1.311031620273918168e-02 -1.299345570188536847e+01 -5.328143530868007351e-04 -1.311216107623642234e-02 9.999138899629187449e-01 1.538974169526492464e-01
9.963989247067762678e-01 -8.477497283559649877e-02 1.544934918942371610e-03 6.359394069855806020e-01 8.475266591311168829e-02 9.963397487639295003e-01 1.113959845103927593e-02 -1.310291732672323128e+01 -2.483639225081971449e-03 -1.096854656523818181e-02 9.999367592615273637e-01 -4.017466340418293647e-02
9.962113319769945186e-01 -8.695742727949014317e-02 1.178083848711672897e-03 6.404924045652951037e-01 8.693736930494451454e-02 9.961427297798567393e-01 1.189771932224858823e-02 -1.321908636764392497e+01 -2.208134723721421819e-03 -1.175022330287805485e-02 9.999285256423953161e-01 -4.174719657196379607e-02
9.961376018448384606e-01 -8.780524684124245416e-02 3.417864281862163659e-04 6.654315522506506486e-01 8.779500898314755719e-02 9.960677035830620696e-01 1.188134152418486925e-02 -1.329444735240361730e+01 -1.383686547975457402e-03 -1.180544391006808566e-02 9.999293559575211932e-01 6.049877349741931976e-03
9.961003511970329960e-01 -8.821962690988907618e-02 1.178037786939042627e-03 6.726070624497989536e-01 8.820266942814661282e-02 9.960480375423085286e-01 1.042094112184550198e-02 -1.339168125809860399e+01 -2.092713763650448817e-03 -1.027639703377865657e-02 9.999450065944164301e-01 4.294379726683605902e-02
9.960427089575322190e-01 -8.887553757356475570e-02 2.464823536722507901e-04 6.898190242639955505e-01 8.886984357640925758e-02 9.960035559344811995e-01 8.891989011086768105e-03 -1.348565865147436504e+01 -1.035777604191229044e-03 -8.834895974408273414e-03 9.999604351062476582e-01 6.223003428844177398e-02
9.960911303198249911e-01 -8.832994029361508626e-02 5.307974188782314242e-04 6.787924431088844246e-01 8.831823467206247058e-02 9.960274394507003803e-01 1.136790595017337334e-02 -1.367716601402966958e+01 -1.532815247834570880e-03 -1.127659119627384514e-02 9.999352423874299234e-01 8.264834349177851980e-03
